GATE_HI_SH: 245.2298,-509.8243,205.797,-366.5,1,0
GATE_SH_DS: 3167.751,200.1879,2257.06,44.16567,0,0
GATE_SH_HI: 3359.068,797.3832,2506.462,709.9105,1,0
GATE_SH_SB: -280.9343,-406.6165,-167.5377,-377.0894,1,0
GATE_SH_UW: -5157.186,4.456709,-3572.756,133.6619,1,0
SH_A04: -126.8441,50.6048,-43.56164,111.9442,1,1
SH_A05: 531.1555,-51.3955,569.4388,-172.0556,0,1
SH_A06: 2267.156,417.6049,1674.439,250.9441,1,1
SH_A07: -441.8446,-415.3951,-294.5618,-390.0558,1,0
SH_A08: 703.1541,908.605,572.4385,722.9445,1,1
SH_A09: 1260.157,472.6048,1071.439,375.9444,2,1
SH_A10: -299.845,382.6045,-180.5616,289.944,1,0
SH_A11: 1074.157,216.6048,798.4385,161.9439,1,1
SH_A12: 1334.157,350.6048,963.4388,287.9442,2,1
SH_A13: -936.8445,85.60463,-644.5612,81.94425,1,1
SH_A14: 2522.158,180.6048,1817.439,15.94424,0,1
SH_A15: 564.1555,370.6045,466.4387,298.9444,1,1
SH_A16: 714.1541,-17.39568,569.4388,-57.05616,1,1
SH_A17: 40.15537,-249.3954,91.439,-92.05579,0,1
SH_A19: -974.8456,-33.39569,-671.562,-47.05598,1,1
SH_A21: 529.1544,-161.3953,444.4387,-151.0559,0,1
SH_A22: 2355.156,305.6048,1794.439,316.9444,1,1
SH_A23: 1429.157,231.6048,1066.439,195.9443,1,1
SH_A24: -5597.844,-253.3952,-3888.562,-83.05559,1,2
SH_A25: -1504.843,-462.3952,-1085.563,-392.0558,1,0
SH_A26: 732.3756,96.50053,577.7858,68.71188,1,1
SH_B01: 2378.157,567.6047,1752.439,451.9442,2,1
SH_B02: 282.1546,-197.395,210.4387,-132.0559,0,1
SH_B03: 2363.156,50.60427,1698.439,-138.0559,0,1
SH_B04: 2117.157,456.6049,1517.439,389.9442,2,1
SH_B05: 810.1541,203.605,571.4388,186.9442,1,1
SH_B06: 1072.157,-102.3953,806.4385,-196.0556,0,1
SH_B07: -340.845,-229.3952,-219.5617,-246.056,1,0
SH_B08: 2604.016,677.1849,1989.439,483.9442,2,1
SH_B09: -5536.844,-428.3952,-3850.562,-294.0555,1,2
SH_B10: 1155.157,-359.3955,825.4385,-382.0559,0,1
SH_B11: -1562.843,-188.3952,-1121.561,-138.0559,1,0
SH_B12: -2179.843,-214.3952,-1568.561,-142.0557,1,2
SH_B13: 1261.203,92.53225,870.8376,31.03397,1,1
SH_B15: -2327.796,-377.4674,-1687.162,-250.9663,1,2
SH_B16: 1326.619,-73.44323,934.1985,-131.5675,0,1
SH_B17: -1203.322,-456.682,-945.3538,-395.2245,1,0
SH_C01: 893.1544,356.6048,610.4388,313.9445,2,1
SH_C02: -612.8445,87.60463,-523.5615,80.94425,1,1
SH_C03: 1716.157,396.6046,1179.439,303.9441,2,1
SH_C04: -289.845,87.60463,-175.5616,-22.05581,1,1
SH_C05: 200.1552,60.60461,98.43835,99.94383,1,1
SH_C07: 517.1555,93.60482,440.4386,-24.05612,1,1
SH_C08: 731.1541,500.6045,481.4386,436.9441,1,1
SH_C09: -765.7983,-455.4677,-637.1624,-394.9666,1,0
SH_C10: -1867.797,-157.4677,-1447.162,-60.96615,1,0
SH_C11: 888.8895,742.2236,695.6227,544.6895,1,1
SH_C12: 1490.883,-259.829,1008.646,-271.3565,0,1
SH_C13: 2835.195,178.5188,1926.656,31.75017,0,0
SH_D01: -1314.841,75.60461,-1065.563,80.94424,1,1
SH_D02: 682.1541,-362.3955,392.4386,-377.0559,0,1
SH_D03: -5399.842,-68.39531,-3809.562,44.94412,1,2
SH_E01: -4258.843,-501.3953,-3193.562,-300.0556,0,2
SH_E02: 1880.156,-78.39546,1156.439,-141.0558,0,1
SH_E03: -5059.844,-476.3954,-3724.562,-286.0556,0,2
SH_E04: -3446.005,-505.4835,-2660.439,-307.5359,0,2
SH_E05: 2891.997,772.5162,1982.559,690.4636,1,1
SH_H01: -2735.005,-443.4838,-2117.44,-310.5356,0,2
SH_S01: 669.1555,-463.3951,539.4385,-482.0559,0,0
SH_S02: -142.8447,16.60449,-41.56162,-29.05558,2,0
SH_S03: -438.2207,-523.4926,-286.2455,-503.8976,1,0
SH_S04: 896.7437,105.2614,709.0983,60.28282,1,0
SH_S05: 2481.425,667.0035,1874.212,571.4926,1,0
SH_S06: 3046.613,114.1466,2136.577,-98.58669,0,0
SH_S07: 98.22983,-510.8243,90.79705,-368.5,1,0
SH_S08: -5624.175,-347.7311,-3964.388,-205.8823,1,0
SH_S09: -2028.723,-245.5994,-1450.328,-197.1453,1,0
SH_S10: 1562.404,155.0768,1186.616,172.235,1,0
OffScreenDen_SH: 777.1541,-942.3958,-93.56165,-89.05562,1,1
Connection: GATE_SH_DS,SH_C13,2,9,146,16,2,0
Connection: GATE_SH_DS,SH_S06,11,5,32,19,3,0
Connection: GATE_SH_HI,SH_E05,2,11,243,19,2,0
Connection: GATE_SH_SB,SH_A07,2,11,46,15,2,0
Connection: GATE_SH_UW,SH_D03,2,11,99,56,2,0
Connection: SH_A04,SH_C05,48,31,5,26,0,2
Connection: SH_A04,SH_C04,5,31,41,62,2,3
Connection: SH_A04,SH_A17,49,10,2,26,0,2
Connection: SH_A05,SH_A16,49,26,2,6,0,2
Connection: SH_A05,SH_A21,11,4,3,27,3,2
Connection: SH_A06,SH_B04,9,5,64,2,2,3
Connection: SH_A06,SH_A22,38,7,8,32,3,1
Connection: SH_A07,SH_B07,38,29,6,6,1,3
Connection: SH_A07,SH_C09,2,15,144,28,2,0
Connection: SH_A07,SH_S03,15,1,13,23,3,1
Connection: SH_A08,SH_C11,45,9,3,99,0,2
Connection: SH_A09,SH_C03,44,8,2,30,0,2
Connection: SH_A09,SH_A12,26,3,18,24,3,3
Connection: SH_A10,SH_C04,16,3,13,119,3,1
Connection: SH_A11,SH_C01,4,30,127,5,2,0
Connection: SH_A11,SH_B05,4,16,100,21,2,0
Connection: SH_A11,SH_B13,45,2,9,30,3,1
Connection: SH_A12,SH_C01,5,19,152,21,3,0
Connection: SH_A12,SH_A23,42,5,10,26,3,1
Connection: SH_A13,SH_D01,9,24,195,23,3,3
Connection: SH_A13,SH_C02,46,16,6,19,0,2
Connection: SH_A13,SH_A19,8,3,23,31,3,1
Connection: SH_A14,SH_C13,46,18,2,19,0,2
Connection: SH_A14,SH_B03,1,15,45,75,2,1
Connection: SH_A15,SH_C08,7,31,6,3,1,3
Connection: SH_A15,SH_C01,43,16,19,7,1,3
Connection: SH_A15,SH_C07,7,2,25,117,3,1
Connection: SH_A16,SH_C07,2,27,49,20,2,0
Connection: SH_A17,SH_B02,45,26,4,7,0,2
Connection: SH_A21,SH_B02,3,20,100,32,2,1
Connection: SH_A22,SH_B01,23,32,48,19,1,3
Connection: SH_A23,SH_C03,40,32,5,13,1,2
Connection: SH_A23,SH_B13,10,5,91,32,3,1
Connection: SH_A23,SH_S10,40,5,17,19,3,2
Connection: SH_A24,SH_D03,43,20,6,6,1,3
Connection: SH_A24,SH_S08,6,20,11,27,3,1
Connection: SH_A24,SH_B09,43,4,22,71,3,1
Connection: SH_A25,SH_B11,5,32,24,9,1,3
Connection: SH_A25,SH_B17,46,14,3,11,0,2
Connection: SH_A26,SH_B05,9,22,9,3,1,3
Connection: SH_A26,SH_C07,4,10,49,55,2,0
Connection: SH_B01,SH_B08,102,26,9,12,0,2
Connection: SH_B01,SH_B04,14,4,101,31,3,0
Connection: SH_B02,SH_D02,94,2,10,31,3,1
Connection: SH_B03,SH_E02,4,12,251,28,2,0
Connection: SH_B04,SH_C03,16,2,146,19,3,0
Connection: SH_B05,SH_S04,45,3,15,26,3,2
Connection: SH_B06,SH_B13,32,68,9,3,0,3
Connection: SH_B06,SH_B16,44,37,2,6,0,2
Connection: SH_B07,SH_C04,40,66,25,10,1,3
Connection: SH_B08,SH_E05,11,59,10,7,2,3
Connection: SH_B09,SH_E03,43,5,3,3,0,3
Connection: SH_B10,SH_C12,97,32,10,19,1,3
Connection: SH_B10,SH_D02,2,11,200,11,2,0
Connection: SH_B11,SH_D01,40,71,19,3,1,3
Connection: SH_B11,SH_C10,3,57,148,27,2,0
Connection: SH_B12,SH_C10,44,67,3,27,0,2
Connection: SH_B12,SH_S09,45,5,11,9,0,3
Connection: SH_B12,SH_B15,6,9,42,58,3,0
Connection: SH_B15,SH_H01,3,11,195,47,2,3
Connection: SH_B16,SH_E02,99,6,10,8,0,3
Connection: SH_B17,SH_C09,100,15,3,14,0,2
Connection: SH_C02,SH_C04,150,16,6,62,3,3
Connection: SH_C04,SH_S02,46,38,16,18,0,2
Connection: SH_C05,SH_C07,142,15,11,52,0,3
Connection: SH_C08,SH_C11,144,32,38,12,1,3
Connection: SH_C12,SH_E02,144,31,68,9,1,3
Connection: SH_D02,SH_S01,118,9,29,19,3,0
Connection: SH_E01,SH_E03,20,3,247,5,3,3
Connection: SH_E01,SH_E04,245,4,16,4,3,3
Connection: SH_E04,SH_H01,250,4,11,6,3,3
Connection: SH_E05,SH_S05,29,4,35,17,3,0
