GATE_DS_GW: 1313.742,-429.4956,1375.781,-374.5092,1,0
GATE_GW_SL: 1463.742,-429.4956,1262.781,-374.5092,1,0
GATE_HI_GW: 1159.742,-428.4956,1150.781,-373.5092,1,0
GATE_LF_GW: -2742.888,217.8402,-1969.91,232.8924,1,0
GATE_SB_GW: 61.11137,-548.1598,161.0892,-561.1075,1,0
GATE_SL_GW: -2080.89,-366.1598,-1453.91,-280.1075,0,0
GW_A01: 365.5241,232.2409,267.7082,205.4882,2,1
GW_A04: 378.5244,-58.75919,267.7082,-143.5118,1,1
GW_A05: -746.4758,31.24088,-485.2917,1.488265,0,1
GW_A06: -276.4749,193.2408,-201.2917,259.4883,2,1
GW_A07: 561.5242,-61.75919,401.7087,-127.5117,1,1
GW_A08: -533.4758,26.24088,-354.2917,3.488006,0,1
GW_A10: 1221.523,-38.75908,907.7082,-153.5117,2,1
GW_A11: 1154.523,347.2407,864.7084,310.4883,1,1
GW_A12: 1185.524,187.2406,885.7087,-7.511815,2,1
GW_A13: -1900.476,150.2408,-1369.291,219.4884,1,1
GW_A19: -1809.476,-1.759127,-1262.291,85.48794,1,1
GW_A20: 261.5349,-582.1505,280.7246,-568.415,1,0
GW_A21: -344.6985,277.0198,-227.4886,377.1382,1,1
GW_A22: -2573.065,191.6622,-1848.482,216.3646,1,0
GW_A23: 1957.793,63.52209,1368.618,-66.43554,1,1
GW_A24: 2797.413,243.5572,1996.146,136.9114,1,1
GW_B01: -943.4758,273.2408,-724.2916,357.4882,1,1
GW_B02: 2144.525,171.2406,1517.709,-10.51204,1,1
GW_B03: -512.4758,245.2408,-356.2918,277.4883,1,1
GW_B04: 518.5247,55.24085,363.7083,2.488498,2,1
GW_B05: -695.4758,171.2409,-481.2914,246.4879,1,1
GW_B06: -907.4753,-294.7592,-618.2904,-255.5117,0,1
GW_B07: 685.525,69.24097,500.7076,-10.51169,1,1
GW_B08: -1270.476,271.2408,-975.2907,348.4883,1,1
GW_B09: -1821.477,-395.759,-1319.291,-289.5122,0,1
GW_C01: 1581.523,6.240732,1022.709,-125.5119,2,1
GW_C02: -2232.476,199.2408,-1719.291,219.4882,1,1
GW_C03: -1353.477,-165.7594,-1091.292,26.48795,0,1
GW_C04: -1672.477,270.2408,-1319.29,347.4882,1,1
GW_C05: 2482.524,243.2406,1646.709,129.488,1,1
GW_C06: 1044.523,-16.75922,760.7084,-235.5122,2,1
GW_C07: 370.5247,-326.7593,274.7082,-445.5122,1,1
GW_C08: 53.52497,184.2406,-73.29142,235.4879,2,1
GW_C09: 142.5249,-165.759,104.7086,-226.5103,0,1
GW_C10: -182.4758,35.24113,-229.2923,4.487945,0,1
GW_C11: 759.3635,-184.5011,414.7813,-249.7784,1,1
GW_D01: 750.5244,285.2408,414.7078,226.4882,1,1
GW_D02: -1330.476,-406.759,-1067.292,-309.5122,0,1
GW_E01: -338.4756,-174.759,-474.2918,-142.5121,0,1
GW_E02: 1656.523,229.2406,969.7094,175.488,1,1
GW_S01: -314.475,292.2409,-114.2916,382.4883,2,0
GW_S02: 343.984,-645.4618,411.0867,-577.2681,1,0
GW_S03: -1094.945,-308.0546,-772.7819,-187.3472,0,0
GW_S04: 1127.055,235.9457,852.2184,180.6526,1,0
GW_S05: 2308.521,108.8062,1653.312,-15.32397,1,0
GW_S06: -1371.025,-265.8528,-999.3706,-107.3013,0,0
GW_S07: -855.3129,196.4583,-612.015,247.4761,0,0
GW_S08: 356.9516,75.34564,236.1263,46.60375,2,0
OffScreenDen_GW: -304.4753,516.2411,-215.2919,715.4879,1,1
Connection: GATE_LF_GW,GW_A22,45,11,7,23,0,3
Connection: GATE_SB_GW,GW_A20,45,9,4,23,0,2
Connection: GATE_SL_GW,GW_B09,36,5,3,12,3,2
Connection: GW_A01,GW_D01,49,23,10,14,0,2
Connection: GW_A01,GW_C08,6,19,142,30,2,0
Connection: GW_A01,GW_B04,46,8,19,67,0,2
Connection: GW_A04,GW_A07,46,23,5,26,0,2
Connection: GW_A04,GW_C11,38,18,4,19,3,2
Connection: GW_A04,GW_C07,33,4,35,115,3,1
Connection: GW_A05,GW_B05,10,27,8,14,1,2
Connection: GW_A05,GW_A08,48,8,5,11,0,2
Connection: GW_A06,GW_S01,32,29,24,11,2,3
Connection: GW_A06,GW_C08,46,29,5,27,0,1
Connection: GW_A06,GW_B03,5,10,48,25,2,0
Connection: GW_A07,GW_B07,49,22,21,11,0,2
Connection: GW_A08,GW_C10,49,10,5,12,0,2
Connection: GW_A10,GW_A12,24,31,40,2,1,3
Connection: GW_A10,GW_C06,2,25,45,58,2,0
Connection: GW_A10,GW_C01,44,24,3,19,0,2
Connection: GW_A11,GW_D01,17,14,197,17,3,0
Connection: GW_A11,GW_S04,37,5,32,24,2,1
Connection: GW_A11,GW_E02,57,2,4,28,3,2
Connection: GW_A12,GW_C06,4,3,43,108,3,0
Connection: GW_A13,GW_C04,22,24,10,6,1,3
Connection: GW_A13,GW_C02,9,16,149,16,2,0
Connection: GW_A13,GW_A19,38,4,7,32,3,1
Connection: GW_A19,GW_C03,45,12,8,27,0,2
Connection: GW_A20,GW_C07,43,32,7,7,1,3
Connection: GW_A20,GW_S02,27,16,18,18,3,2
Connection: GW_A21,GW_B03,13,16,48,56,2,0
Connection: GW_A22,GW_C02,49,20,5,20,0,2
Connection: GW_A23,GW_C01,4,20,151,16,2,0
Connection: GW_A23,GW_B02,50,20,4,14,0,2
Connection: GW_A24,GW_C05,3,30,146,30,2,0
Connection: GW_B01,GW_B05,104,16,10,63,0,2
Connection: GW_B01,GW_B08,5,12,105,9,2,0
Connection: GW_B02,GW_C05,49,59,4,18,0,2
Connection: GW_B02,GW_E02,4,55,258,21,2,0
Connection: GW_B02,GW_S05,49,25,16,21,0,2
Connection: GW_B03,GW_B05,4,57,45,64,2,0
Connection: GW_B04,GW_S08,4,56,38,24,2,0
Connection: GW_B04,GW_B07,49,54,4,47,0,3
Connection: GW_B05,GW_S07,4,44,36,5,2,0
Connection: GW_B06,GW_C03,3,66,151,17,2,0
Connection: GW_B06,GW_E01,46,62,8,6,0,3
Connection: GW_B06,GW_D02,5,9,197,17,2,0
Connection: GW_B08,GW_C04,4,28,149,27,2,0
Connection: GW_B09,GW_D02,98,15,2,17,0,2
Connection: GW_C03,GW_S06,89,13,38,24,3,1
Connection: GW_C06,GW_C11,3,24,137,31,2,1
Connection: GW_C08,GW_C09,133,8,48,113,3,0
Connection: GW_C09,GW_C10,8,114,150,11,1,0
Connection: GW_C09,GW_E01,4,56,261,18,2,0
Connection: GW_D02,GW_S03,136,32,15,12,1,2
