GATE_SB_SL: 223.4316,-493.329,292.4838,-352.6938,2,0
GATE_DS_SL: -2891.747,7.635287,-1973.063,20.46373,1,0
GATE_SL_GW: 2305.828,477.3582,1758.026,344.8802,1,0
SL_D05: -2480.023,-61.57783,-1855.913,-20.59561,1,1
SL_S02: -2771.635,-60.88817,-1849.773,-146.8082,2,0
SL_A11: -2227.801,100.422,-1598.358,98.76488,1,1
SL_C01: -2212.023,406.4221,-1595.913,221.4042,0,1
SL_D06: -2619.023,422.4221,-2039.913,347.4041,0,1
SL_A17: -2821.984,276.1013,-2001.408,207.8647,1,1
SL_A03: -2500.023,186.4221,-1746.913,203.4042,1,1
SL_S11: -2576.475,343.6519,-1878.301,205.8195,1,0
SL_B02: -1956.023,427.4221,-1475.913,319.4041,0,1
SL_A14: -2064.146,253.6786,-1476.977,203.5684,1,1
SL_A02: -1688.023,425.4221,-1182.913,321.4041,0,1
SL_C02: -1325.022,422.4221,-1030.911,325.4041,0,1
SL_E03: -1599.18,250.1552,-1341.693,200.9718,1,1
SL_A10: -2007.022,-70.57768,-1422.913,-26.59577,1,1
SL_C06: -1597.023,-60.5778,-1291.913,-28.59566,1,1
SL_S08: -100.9355,-166.6861,68.27004,-37.03749,1,0
SL_A07: -1204.022,-28.57786,-875.9117,35.4041,1,1
SL_A04: -1050.023,-46.57767,-712.9115,25.40406,1,1
SL_A12: -1088.801,107.4218,-804.3562,180.7648,1,1
SL_S04: -1029.947,61.06999,-706.2926,-106.1823,1,0
SL_A13: -947.2755,202.4221,-677.5403,163.1071,1,1
SL_A05: -923.0249,-124.578,-575.9115,-38.59586,1,1
SL_C04: -714.0247,22.42235,-458.9107,-52.59586,1,1
SL_B01: -909.0244,506.4221,-628.9119,293.4041,0,1
SL_D01: -602.0244,354.4221,-442.9107,266.4037,0,1
SL_Q01: -812.5888,77.42734,-566.7478,143.6183,0,1
SL_Q03: -516.9636,74.4743,-312.7606,114.3962,0,1
SL_Q02: -181.455,48.29399,-59.53143,119.0683,0,1
SL_C08: -536.0238,-173.5776,-331.9105,-175.5961,1,1
SL_E01: -318.0243,-156.5775,-200.9111,-377.5963,1,1
SL_B04: -317.0243,657.4219,-172.9111,564.4041,0,1
SL_C03: -317.3744,293.897,-182.9114,250.404,0,1
SL_A06: -159.0224,-269.5779,-67.9106,-170.5959,1,1
SL_D03: 92.97622,-333.5779,63.08797,-256.5962,1,1
SL_A08: 336.9753,-239.5779,310.0888,-159.5958,1,1
SL_Q04: 318.4392,77.78072,300.965,-32.20047,1,1
SL_Q06: 283.1841,407.7077,435.7848,231.2769,1,1
SL_Q05: 103.0592,166.1141,175.4409,118.355,1,1
SL_F01: 735.9764,-300.5779,452.0886,-262.596,1,1
SL_D02: 997.9764,-650.5779,777.0885,-638.5967,2,0
SL_C05: 593.9762,-833.5781,423.0893,-631.5959,2,0
SL_C10: 251.9775,-731.5779,293.0893,-658.5956,2,0
SL_S05: 903.0514,-763.9305,650.7081,-507.1819,2,0
SL_E02: 1477.975,-697.5781,913.0885,-523.5959,2,0
SL_S03: 1817.053,-589.9305,1336.708,-399.1819,2,0
SL_C07: 1957.978,-599.5781,1455.087,-539.5959,2,0
SL_D04: 1293.977,-300.5779,925.0885,-281.5959,1,1
SL_C12: 1996.427,453.8932,1432.12,333.23,1,0
SL_S07: 2191.935,384.4214,1662.33,234.7068,1,0
SL_H01: 1358.041,421.9709,910.3513,335.1967,0,1
SL_F02: 721.9756,358.4219,552.0892,247.4039,0,1
SL_S09: 714.1515,359.4385,592.9328,103.7301,1,0
SL_H02: 139.976,358.4221,-3.911246,248.404,0,1
SL_H03: 2184.978,-240.5779,1177.087,-187.5961,1,1
SL_C09: 3064.977,-230.5779,2113.084,-192.5961,0,2
SL_A16: 3227.738,-109.4496,2323.451,-65.5284,0,2
SL_S10: 3071.474,-108.9684,2205.732,-68.74911,0,0
SL_I01: 3538.977,-132.5779,2464.086,-253.5959,0,2
SL_A15: 3845.367,-118.8886,2794.222,-155.8071,0,0
SL_S06: 3821.427,-25.10644,2791.116,-29.77015,0,0
SL_AI: 4073.5,-207.5109,2912.066,-213.7849,0,2
OffScreenDen_SL: -580.023,-465.5779,-1014.913,562.4041,1,1
Connection: GATE_SB_SL,SL_C10,36,5,30,112,3,1
Connection: GATE_DS_SL,SL_D05,45,9,5,31,0,2
Connection: GATE_DS_SL,SL_S02,36,5,17,17,3,2
Connection: GATE_SL_GW,SL_C12,2,9,143,17,2,0
Connection: GATE_SL_GW,SL_S07,11,5,29,18,3,0
Connection: SL_D05,SL_A11,166,30,4,5,1,3
Connection: SL_D05,SL_A10,201,16,3,18,0,2
Connection: SL_A11,SL_C01,31,32,24,21,1,3
Connection: SL_C01,SL_B02,40,76,12,30,0,3
Connection: SL_C01,SL_D06,9,53,194,14,3,3
Connection: SL_D06,SL_A17,24,22,8,27,3,1
Connection: SL_D06,SL_S11,113,31,22,17,3,1
Connection: SL_A17,SL_A03,44,4,3,30,0,2
Connection: SL_A03,SL_A14,44,27,2,4,0,2
Connection: SL_B02,SL_A02,104,32,10,28,3,3
Connection: SL_B02,SL_A14,31,13,23,33,3,1
Connection: SL_A14,SL_E03,40,4,5,4,0,2
Connection: SL_A02,SL_C02,7,10,14,9,3,3
Connection: SL_C02,SL_C06,55,18,92,30,3,0
Connection: SL_C02,SL_E03,102,15,230,30,3,1
Connection: SL_C02,SL_A12,164,7,10,31,3,1
Connection: SL_A10,SL_C06,44,18,2,15,0,2
Connection: SL_C06,SL_A07,141,27,11,18,0,2
Connection: SL_S08,SL_D03,35,10,8,72,3,2
Connection: SL_A07,SL_A04,39,23,4,29,0,2
Connection: SL_A04,SL_A12,21,31,27,3,1,3
Connection: SL_A04,SL_S04,28,31,24,13,1,3
Connection: SL_A04,SL_A13,35,31,16,2,1,3
Connection: SL_A04,SL_A05,9,10,4,30,0,2
Connection: SL_A13,SL_B01,16,33,3,29,1,3
Connection: SL_A05,SL_C04,42,29,4,28,0,2
Connection: SL_C04,SL_D01,26,112,12,58,1,3
Connection: SL_B01,SL_Q01,42,16,7,31,3,1
Connection: SL_D01,SL_C08,82,63,27,112,3,1
Connection: SL_D01,SL_Q03,32,23,9,30,3,1
Connection: SL_Q01,SL_Q03,41,9,3,10,0,2
Connection: SL_Q03,SL_C03,95,18,16,23,1,3
Connection: SL_Q03,SL_Q02,94,3,3,12,0,2
Connection: SL_Q02,SL_H02,83,29,31,66,1,3
Connection: SL_C08,SL_E01,42,42,4,86,0,2
Connection: SL_E01,SL_B04,21,204,23,98,1,3
Connection: SL_E01,SL_C03,11,165,23,100,2,3
Connection: SL_E01,SL_A06,45,66,2,17,0,2
Connection: SL_B04,SL_C03,33,62,42,114,3,3
Connection: SL_A06,SL_D03,45,17,2,60,0,2
Connection: SL_D03,SL_A08,92,70,4,18,0,2
Connection: SL_A08,SL_Q04,9,32,12,1,1,3
Connection: SL_A08,SL_F01,47,15,6,58,0,2
Connection: SL_Q04,SL_Q06,22,110,33,38,1,3
Connection: SL_Q04,SL_Q05,12,87,36,13,3,0
Connection: SL_Q05,SL_H02,9,28,78,11,1,3
Connection: SL_F01,SL_D02,189,62,23,145,3,1
Connection: SL_F01,SL_D04,171,22,24,62,3,3
Connection: SL_D02,SL_E02,49,63,7,30,0,2
Connection: SL_D02,SL_C05,4,18,159,20,2,0
Connection: SL_C05,SL_C10,6,31,49,30,2,0
Connection: SL_C05,SL_S05,155,31,9,19,0,2
Connection: SL_E02,SL_S03,240,32,23,12,1,3
Connection: SL_E02,SL_C07,248,18,1,28,0,2
Connection: SL_C07,SL_H03,20,112,143,31,1,3
Connection: SL_D04,SL_H03,70,61,38,11,3,3
Connection: SL_C12,SL_H01,2,17,247,20,2,0
Connection: SL_H01,SL_F02,21,7,127,49,3,3
Connection: SL_F02,SL_S09,62,64,13,31,3,2
Connection: SL_F02,SL_H02,3,57,180,51,3,3
Connection: SL_H03,SL_C09,425,23,4,17,0,2
Connection: SL_C09,SL_A16,151,32,43,3,1,3
Connection: SL_A16,SL_S10,4,26,30,26,2,0
Connection: SL_A16,SL_I01,43,13,4,62,0,2
Connection: SL_I01,SL_A15,144,66,3,21,0,2
Connection: SL_A15,SL_S06,43,32,31,20,1,0
Connection: SL_A15,SL_AI,44,3,2,30,0,1
